[[-126, -132, -126, -134, -115, -122, -136, -142],[-24, -30, -22.5, -28.9, -22, -27, -25, -31], [-100, -100, -100, -102, -95, -100, -103, -103],
            [29, 36, 24.9, 33.1, 26.0, 33, 31, 34],
            [-100, -100, -100, -100, -100, -100, -100, -100],
            [18, 20, 16.8, 20.5, 17, 24, 17, 28],
            [-121, -128, -120, -127, -110, -115, -130, -125],
            [-15, -17.5, -13.9, -17.8, -19, -22, -14, -15],
            [-121, -124.5, -119, -125.4, -105, -110, -131, -138],
            [25, 36, 17.2, 37.4, 21, 38, 13, 38],
            [-10, -12.7, -10, -13.3, -10, -10, -16, -16],
            [-31, -34, -27.7, -36.4, -26, -35, -28, -38],
            [-40, -40, -40, -41, -40, -40, -40, -40],
            [32, 41, 25.6, 43.4, 25, 44, 29, 47],
            [25, 25, 25, 23.4, 25, 25, 30, 30],
            [37, 44, 35, 46.6, 30, 46, 41, 50],
            [40, 40, 40, 38.1, 40, 40, 50, 50],
            [39, 45.5, 38.6, 47.3, 33, 47, 43.5, 51],
            [46, 46, 46.4, 42, 46, 46, 56, 56],
            [40, 46, 40.6, 48.4, 36, 47, 45, 51],
            [50, 50, 50, 50, 50, 50, 60, 60],
            [46, 51, 44.5, 49.4, 40, 45, 47, 51],
            [80, 80, 80, 80, 80, 80, 80, 80],
            [32, 35, 31, 34.2, 30, 35, 35, 40],
            [135, 136.7, 134.2, 135.9, 124, 124, 140, 145],
            [12, 13, 11.4, 12.2, 12, 11, 7, 10],
            [145, 146, 143.9, 147.8, 134, 140, 154, 160],
            [-13, -15.4, -12.3, -15.4, -11, -19, -9, -18],
            [136, 137.7, 135.3, 137.7, 124, 124, 150, 150],
            [-40, -44.5, -40, -47.6, -37, -43, -38, -46],
            [60, 60, 60, 60, 60, 60, 80, 80],
            [-38, -41, -36.9, -45, -35, -41, -39, -46],
            [17, 17, 17, 17, 17, 17, 20, 20],
            [-38.5, -42, -37.5, -46, -36, -42, -39, -46],
            [22, 22, 22, 22, 22, 22, 22, 22],
            [-39, -42.5, -38.6, -47, -37, -42, -39, -47],
            [27, 27, 27, 26, 27, 27, 30, 30],
            [-37, -40, -34.5, -43.4, -34, -41, -37, -45],
            [9, 9, 9, 6.4, 9, 9, 10, 10]]